102 102
102 142
102 168
104 104
104 142
104 146
104 175
104 265
11 14
114 120
114 162
120 114
120 120
120 174
120 175
120 42
125 125
125 91
13 13
13 14
13 240
13 265
13 78
14 11
14 13
14 14
140 140
140 195
140 197
140 221
140 45
140 54
140 91
142 102
142 104
142 142
142 146
142 175
142 265
142 78
146 104
146 142
146 265
146 78
162 114
162 162
168 102
168 168
168 265
168 42
168 43
168 54
168 78
174 174
174 175
175 120
175 142
175 174
175 175
175 195
175 265
180 180
192 140
192 192
192 195
192 197
192 243
192 33
192 45
192 91
195 120
195 140
195 195
195 197
195 201
195 220
195 221
195 33
195 42
195 45
195 54
195 91
196 195
196 196
196 240
196 78
197 140
197 192
197 195
197 197
197 221
197 45
197 91
220 195
220 197
220 220
221 168
221 195
221 197
221 221
221 63
240 13
240 196
240 240
243 125
252 252
257 262
262 257
262 262
265 104
265 142
265 146
265 168
265 175
265 265
265 43
308 308
309 102
33 195
33 197
33 33
331 265
340 168
39 39
42 120
42 221
43 168
43 265
43 43
45 140
45 195
45 197
45 33
45 45
45 91
54 140
63 221
63 63
78 102
78 13
78 142
78 146
78 197
78 219
78 265
78 78
91 195
91 197
91 221
91 45